
INPUT IMAGE MATRIX -- ZERO PADDED
20	147	199	62	25	188	176	68	0	0	0	0	0	0	0	0	0	
3	112	247	192	117	236	134	149	0	0	0	0	0	0	0	0	0	
185	16	33	157	194	44	75	191	0	0	0	0	0	0	0	0	0	
33	236	108	100	112	254	58	132	0	0	0	0	0	0	0	0	0	
146	2	67	171	63	243	111	66	0	0	0	0	0	0	0	0	0	
100	230	130	90	212	136	239	142	0	0	0	0	0	0	0	0	0	
25	17	171	219	188	246	156	94	0	0	0	0	0	0	0	0	0	
227	9	194	212	8	252	89	26	0	0	0	0	0	0	0	0	0	

1D CO-EFFICIENT KERNEL-1
62	235	140	186	165	3	138	79	4	

1D CO-EFFICIENT KERNEL-2
242	131	169	147	56	7	204	156	143	

Blurred OUTPUT IMAGE-1 MATRIX
131	236	15	180	143	61	117	136	
194	135	212	58	48	172	228	58	
43	184	23	104	54	173	65	112	
125	249	66	178	111	173	191	24	
254	83	80	183	87	156	207	12	
103	110	117	34	171	72	248	134	
116	247	25	44	160	47	142	218	
253	96	163	3	2	144	153	82	

Blurred OUTPUT IMAGE-2 MATRIX
45	193	43	171	38	229	245	136	
74	148	38	177	249	142	182	103	
210	139	159	0	134	222	76	67	
128	67	224	51	79	84	218	69	
63	45	116	45	60	96	63	162	
117	241	228	106	80	244	195	194	
97	1	9	6	94	229	86	53	
157	230	217	84	6	27	209	172	

DoG OUTPUT IMAGE MATRIX
86	43	28	9	105	168	128	0	
120	13	174	119	201	30	46	45	
167	45	136	104	80	49	11	45	
3	182	158	127	32	89	27	45	
191	38	36	138	27	60	144	150	
14	131	111	72	91	172	53	60	
19	246	16	38	66	182	56	165	
96	134	54	81	4	117	56	90	
