
DOG IMAGE-1 MATRIX -- ZERO PADDED
0	0	0	0	0	0	0	0	0	0	
0	96	80	21	253	193	194	48	215	0	
0	68	215	144	205	235	125	189	198	0	
0	79	43	58	196	111	73	162	200	0	
0	181	222	30	192	9	203	55	105	0	
0	28	204	230	93	15	150	53	84	0	
0	110	197	34	217	194	223	32	18	0	
0	138	91	215	122	36	249	67	89	0	
0	216	224	26	225	44	209	202	72	0	
0	0	0	0	0	0	0	0	0	0	

DOG IMAGE-3 MATRIX -- ZERO PADDED
0	0	0	0	0	0	0	0	0	0	
0	96	80	21	253	193	194	48	215	0	
0	68	215	144	205	235	125	189	198	0	
0	79	43	58	196	111	73	162	200	0	
0	181	222	30	192	9	203	55	105	0	
0	28	204	230	93	15	150	53	84	0	
0	110	197	34	217	194	223	32	18	0	
0	138	91	215	122	36	249	67	89	0	
0	216	224	26	225	44	209	202	72	0	
0	0	0	0	0	0	0	0	0	0	

DOG IMAGE-3 MATRIX -- ZERO PADDED
0	0	0	0	0	0	0	0	0	0	
0	96	80	21	253	193	194	48	215	0	
0	68	215	144	205	235	125	189	198	0	
0	79	43	58	196	111	73	162	200	0	
0	181	222	30	192	9	203	55	105	0	
0	28	204	230	93	15	150	53	84	0	
0	110	197	34	217	194	223	32	18	0	
0	138	91	215	122	36	249	67	89	0	
0	216	224	26	225	44	209	202	72	0	
0	0	0	0	0	0	0	0	0	0	

Final OUTPUT IMAGE MATRIX
